77,5
77,3
77,1
76,4
76,3
76,1
76,0
75,3
75,1
75,0
74,5
74,4
74,3
74,2
74,1
74,0
73,3
73,1
73,0
72,4
72,3
72,1
72,0
71,5
71,4
71,3
71,2
71,1
71,0
70,3
70,1
70,0
69,6
69,5
69,3
69,1
69,0
68,5
68,4
68,3
68,2
68,1
68,0
67,4
67,3
67,1
67,0
66,5
66,4
66,3
66,2
66,1
66,0
64,5
64,4
64,3
64,1
59,3
59,1
59,0
56,4
56,3
56,1
56,0
4,3
4,1
4,0
2,7
2,6
2,3
2,1
2,0
1,3
1,1
1,0
0,310
0,305
0,308
0,304
0,303
0,302
0,307
0,12
0,10
0,8
0,0
0,439
0,300
0,431
0,299
0,430
0,298
0,404
0,297
0,438
0,296
0,427
0,295
0,426
0,294
0,428
0,293
0,425
0,292
0,424
0,291
0,423
0,290
0,422
0,289
0,421
0,288
0,420
0,287
0,429
0,286
0,419
0,285
0,418
0,284
0,392
0,283
0,417
0,282
0,415
0,281
0,414
0,280
0,416
0,279
0,413
0,278
0,411
0,277
0,410
0,276
0,409
0,275
0,408
0,274
0,407
0,273
0,437
0,272
0,406
0,271
0,405
0,270
0,391
0,269
0,436
0,268
0,402
0,267
0,401
0,266
0,403
0,265
0,400
0,264
0,399
0,263
0,398
0,262
0,397
0,261
0,396
0,260
0,395
0,259
0,435
0,258
0,394
0,257
0,393
0,256
0,390
0,255
0,434
0,254
0,372
0,253
0,388
0,252
0,389
0,251
0,371
0,250
0,370
0,249
0,387
0,248
0,386
0,247
0,385
0,246
0,384
0,245
0,433
0,244
0,383
0,242
0,382
0,241
0,369
0,240
0,432
0,239
0,381
0,238
0,380
0,237
0,379
0,236
0,378
0,235
0,377
0,234
0,374
0,233
0,373
0,232
0,368
0,231
0,367
0,230
0,366
0,229
0,365
0,228
0,364
0,227
0,363
0,226
0,362
0,225
0,361
0,224
0,360
0,223
0,359
0,222
0,358
0,221
0,357
0,220
0,356
0,219
0,355
0,218
